"mu.m" <-
structure(c(1,1,1,1,1,1,1,1), .Dim=c(2,4))
"precm" <-
structure(c(10,10,10,10,10,10,10,10), .Dim=c(2,4))
"mu.T0" <-
structure(c(0.05,0.05,0.05,0.05,0.05,0.05,0.05,0.05), .Dim=c(2,4))
"precT0" <-
structure(c(10,10,10,10,10,10,10,10), .Dim=c(2,4))
"mu.tau" <-
structure(c(1,1,1,1,1,1,1,1), .Dim=c(2,4))
"prectau" <-
structure(c(10,10,10,10,10,10,10,10), .Dim=c(2,4))
"m" <-
c(0.0868841, 0.460526, 0.967128, 0.869126, 0.571904, 0.946131, 0.458338, 0.682243, 0.903263, 0.451599, 0.899607, 0.330364, 0.882837, 0.0147911, 0.281419, 0.114906, 0.260247, 0.82965, 0.0356602, 0.601029, 0.922964, 0.0822282, 0.875094, 0.541709)
"T0" <-
c(0.0285074, 0.591911, 0.375717, 0.687627, 0.448252, 0.812034, 0.639041, 0.442711, 0.562557, 0.181441, 0.45273, 0.182249, 0.443784, 0.822033, 0.00709969, 0.799727, 0.85079, 0.072719, 0.505014, 0.458227, 0.0770545, 0.0423707, 0.222806, 0.952221)
"tau" <-
c(0.652848, 0.724536, 0.529373, 0.384298, 0.860713, 0.016175, 0.126695, 0.462799, 0.21178, 0.440089, 0.130047, 0.886172, 0.286071, 0.272966, 0.855444, 0.993743, 0.959552, 0.419518, 0.668834, 0.326757, 0.561166, 0.796896, 0.947264, 0.230201)
"c" <-
structure(c(0.25676,0.920691,0.06677,0.763861,0.788442,0.988706,0.616033,0.704538,0.846403,0.979087,0.494278,0.229857,0.971212,0.751648,0.109825,0.365056,0.707307,0.489583,0.629512,0.316558,0.424836,0.808234,0.713709,0.158578,0.119924,0.530801,0.979912,0.784459,0.505506,0.0996535,0.968971,0.371639,0.687758,0.904794,0.133691,0.0706613,0.892348,0.780631,0.570618,0.709368,0.382513,0.50269,0.134675,0.43351,0.0366533,0.471804,0.922869,0.0771651,0.412148,0.678949,0.410688,0.158475,0.852183,0.0235578,0.9058,0.466909,0.240836,0.627617,0.343681,0.932162,0.644118,0.845174,0.179143,0.984763,0.557326,0.969193,0.6272,0.463812,0.243752,0.949823,0.426207,0.584588,0.108768,0.857157,0.119416,0.455012,0.380345,0.770245,0.509222,0.29618,0.113115,0.539469,0.468709,0.13135,0.0740967,0.924434,0.248748,0.946769,0.441489,0.457696,0.894804,0.21118,0.883428,0.905388,0.635592,0.534504,0.475584,0.701848,0.0658106,0.245036,0.30676,0.110524,0.0244137,0.735192,0.963572,0.184275,0.569567,0.628783,0.0634082,0.894425,0.491652,0.72191,0.0856992,0.591468,0.303061,0.948178,0.540396,0.539227,0.978246,0.984888,0.328148,0.112639,0.72748,0.529268,0.731649,0.216609,0.780159,0.610844,0.666616,0.96618,0.360331,0.290101,0.450739,0.0143621,0.39869,0.325921,0.863835,0.276421,0.921179,0.0810429,0.392535,0.138299,0.741003,0.150049), .Dim=c(24,6))
".RNG.name" <- "base::Mersenne-Twister"
".RNG.seed" <- 2
