"hits" <-
structure(c(48,104,58,87,35,65,36,67,9,18,12,21,50,90,41,87,45,85,42,73,30,37,21,40,63,134,69,111,47,93,49,117,35,75,27,67,68,106,46,100,62,114,60,107,62,96,48,85,77,138,66,124,86,143,76,123,68,155,78,101,83,127,66,121,97,113,82,112,94,131,91,149,85,122,72,108,82,133,93,131,118,133,107,134,102,116,81,117,121,112,103,103,112,148,109,150,80,146,68,126,87,122,82,114,116,128,115,139,80,124,89,128,103,120,84,113,104,146,141,129,85,125,67,137,103,110,88,117,135,115,119,114,113,119,94,127,104,100,109,119,124,129,119,125), .Dim=c(24,6))
"falarms" <-
structure(c(35,35,38,62,15,15,15,16,1,1,6,4,19,19,16,18,5,5,11,13,3,3,6,2,38,38,34,66,10,10,13,30,4,4,9,12,18,18,27,17,11,11,10,16,11,11,7,12,8,8,14,62,9,9,10,19,8,8,8,17,22,22,12,18,9,9,5,10,10,10,18,15,2,2,12,67,5,5,8,24,20,20,13,20,10,10,9,18,5,5,1,7,16,16,15,14,10,10,15,59,11,11,15,36,16,16,24,34,19,19,11,24,6,6,7,11,15,15,8,12,11,11,14,46,4,4,7,26,10,10,14,28,16,16,11,24,12,12,7,6,19,19,22,18), .Dim=c(24,6))
"Ns" <-
structure(c(77,110,98,91,67,80,82,75,38,26,38,30,95,93,81,90,77,89,73,80,79,56,81,66,114,140,112,115,95,101,100,128,77,79,74,71,111,113,78,103,106,117,91,111,114,105,102,100,126,143,135,136,130,147,122,129,108,157,134,107,125,129,106,122,114,114,97,112,136,135,129,153,161,122,135,115,122,135,133,133,155,133,148,135,137,117,121,121,136,113,120,104,143,149,143,151,135,149,141,132,115,124,125,119,139,129,139,141,122,126,123,129,125,121,98,114,131,147,166,130,135,131,123,142,134,113,128,119,159,115,153,114,146,119,126,129,125,101,134,123,152,133,141,126), .Dim=c(24,6))
"Nn" <-
structure(c(221,221,220,168,211,211,204,189,195,195,191,179,202,202,199,185,189,189,159,176,255,255,248,241,255,255,253,230,261,261,233,223,274,274,240,249,243,243,269,233,205,205,228,244,281,281,275,280,292,292,260,251,265,265,262,257,287,287,284,297,276,276,270,256,248,248,265,263,287,287,269,311,268,268,277,301,260,260,235,246,289,289,271,247,252,252,268,303,226,226,244,232,287,287,261,275,273,273,268,293,297,297,265,261,312,312,277,261,264,264,286,265,221,221,254,270,297,297,269,257,274,274,274,276,258,258,263,251,289,289,282,294,252,252,253,284,235,235,234,230,265,265,285,292), .Dim=c(24,6))
"cidx" <-
c(1, 1, 1, 1, 1, 1, 1, 1, 1, 1, 1, 1, 2, 2, 2, 2, 2, 2, 2, 2, 2, 2, 2, 2)
"iidx" <-
c(1, 2, 3, 4, 1, 2, 3, 4, 1, 2, 3, 4, 1, 2, 3, 4, 1, 2, 3, 4, 1, 2, 3, 4)
"t" <-
c(0.321585, 0.359096, 0.443111, 0.641389, 1.03425, 2.0248)
"R" <-
24
"D" <-
6
"C" <-
2
"I" <-
4
