"mu.m" <-
structure(c(1,1,1,1,1,1,1,1), .Dim=c(2,4))
"precm" <-
structure(c(10,10,10,10,10,10,10,10), .Dim=c(2,4))
"mu.T0" <-
structure(c(0.05,0.05,0.05,0.05,0.05,0.05,0.05,0.05), .Dim=c(2,4))
"precT0" <-
structure(c(10,10,10,10,10,10,10,10), .Dim=c(2,4))
"mu.tau" <-
structure(c(1,1,1,1,1,1,1,1), .Dim=c(2,4))
"prectau" <-
structure(c(10,10,10,10,10,10,10,10), .Dim=c(2,4))
"m" <-
c(0.195932, 0.633908, 0.630917, 0.167417, 0.756943, 0.210716, 0.970951, 0.409396, 0.538899, 0.56337, 0.336986, 0.502659, 0.514569, 0.886267, 0.95249, 0.228755, 0.183278, 0.211308, 0.216259, 0.206279, 0.960338, 0.503457, 0.922769, 0.565865)
"T0" <-
c(0.987678, 0.575252, 0.935226, 0.546434, 0.575258, 0.417577, 0.0246984, 0.50599, 0.420152, 0.477941, 0.322846, 0.393004, 0.931436, 0.642368, 0.663459, 0.353085, 0.300465, 0.582232, 0.391824, 0.802425, 0.240732, 0.291264, 0.677799, 0.693607)
"tau" <-
c(0.703122, 0.998526, 0.881253, 0.415033, 0.313354, 0.132563, 0.558584, 0.87091, 0.404018, 0.169194, 0.140924, 0.537753, 0.535762, 0.758258, 0.311215, 0.933939, 0.693777, 0.583182, 0.684767, 0.0212024, 0.646365, 0.765818, 0.423161, 0.420978)
"c" <-
structure(c(0.726148,0.36366,0.930178,0.982569,0.205955,0.414083,0.172677,0.184079,0.344874,0.636737,0.216865,0.27987,0.579709,0.0256677,0.403676,0.754885,0.029995,0.474651,0.528016,0.855634,0.550508,0.444263,0.363371,0.351895,0.496703,0.851748,0.619624,0.37123,0.396506,0.0831749,0.255653,0.993678,0.959452,0.364625,0.947208,0.427486,0.654762,0.427138,0.604799,0.720889,0.605872,0.492117,0.876212,0.515516,0.018222,0.128469,0.988251,0.436594,0.572905,0.547956,0.000731807,0.468193,0.0706877,0.794128,0.115493,0.798453,0.0672446,0.787436,0.437316,0.689292,0.578345,0.319986,0.661177,0.80723,0.900265,0.926425,0.669221,0.691945,0.991161,0.257847,0.302052,0.135651,0.611706,0.418691,0.260681,0.292918,0.014015,0.0611983,0.30578,0.315867,0.0389406,0.377526,0.198481,0.464091,0.711329,0.99688,0.438105,0.455016,0.12751,0.690012,0.463538,0.404695,0.124887,0.830655,0.333172,0.209446,0.330498,0.0495726,0.0263005,0.746261,0.0758111,0.289089,0.963009,0.0998081,0.192354,0.700784,0.811652,0.260403,0.135759,0.900379,0.746252,0.956382,0.205748,0.215644,0.17674,0.264219,0.28858,0.844687,0.740118,0.675993,0.876191,0.602409,0.399333,0.356059,0.409454,0.39766,0.716004,0.438044,0.812232,0.687275,0.842705,0.137118,0.251343,0.869481,0.919297,0.879805,0.310911,0.833775,0.664321,0.398559,0.132209,0.366856,0.95489,0.576247), .Dim=c(24,6))
".RNG.name" <- "base::Mersenne-Twister"
".RNG.seed" <- 1
